{"walk_forward": [{"w": "2010-2012", "in": 28.7, "ood": 19.7, "retain": 69.0}, {"w": "2011-2013", "in": 39.5, "ood": 19.7, "retain": 50.0}, {"w": "2012-2014", "in": 48.3, "ood": 14.0, "retain": 29.0}, {"w": "2013-2015", "in": 60.0, "ood": 10.9, "retain": 18.0}, {"w": "2014-2016", "in": 46.9, "ood": 7.9, "retain": 17.0}, {"w": "2015-2017", "in": 38.2, "ood": 11.3, "retain": 30.0}, {"w": "2016-2018", "in": 28.2, "ood": 14.4, "retain": 51.0}, {"w": "2017-2019", "in": 28.9, "ood": 19.7, "retain": 68.0}, {"w": "2018-2020", "in": 26.2, "ood": 18.4, "retain": 70.0}], "avg_oos_retain": 45.0, "mcap_corrs": {"r1d": 0.063, "r5d": 0.12, "r20d": 0.196, "bb": 0.194, "ma20d": 0.213, "turn": -0.711, "conv": -0.352}, "recent_ics": {"r1d": [-0.1554, 0.3067, 0.042, -0.2084, 0.1609, 0.2606], "r5d": [0.0397, 0.0545, -0.2187, -0.1534, -0.1154, 0.6418], "r20d": [0.0546, -0.1113, 0.0616, -0.3125, -0.0631, 1.0], "bb": [0.1298, 0.0141, -0.1189, -0.1386, -0.1935, 0.547], "ma20d": [0.1298, 0.0141, -0.1189, -0.1386, -0.1935, 0.547], "turn": [0.2779, -0.1009, -0.0857, 0.2672, 0.028, -0.0009], "conv": [0.2425, -0.1565, -0.0201, 0.2918, 0.2751, 0.5877]}, "factor_corrs": {"pairs": [], "matrix": [[1.0, 0.256, -0.009, -0.044, -0.051, 0.033, -0.062], [0.256, 1.0, 0.138, -0.236, 0.018, 0.073, -0.011], [-0.009, 0.138, 1.0, -0.001, 0.094, 0.075, 0.127], [-0.044, -0.236, -0.001, 1.0, -0.09, -0.217, -0.026], [-0.051, 0.018, 0.094, -0.09, 1.0, 0.013, -0.053], [0.033, 0.073, 0.075, -0.217, 0.013, 1.0, 0.088], [-0.062, -0.011, 0.127, -0.026, -0.053, 0.088, 1.0]], "labels": ["r1d", "r5d", "r20d", "bb", "ma20d", "turn", "conv"]}, "neutralized_ic": {"r1d": {"ir_raw": -0.019, "ir_neut": -0.028, "decay_pct": -47.0}, "r5d": {"ir_raw": -0.178, "ir_neut": -0.165, "decay_pct": 8.0}, "r20d": {"ir_raw": -0.342, "ir_neut": -0.285, "decay_pct": 17.0}, "bb": {"ir_raw": -0.273, "ir_neut": -0.23, "decay_pct": 16.0}, "ma20d": {"ir_raw": -0.302, "ir_neut": -0.26, "decay_pct": 14.0}, "turn": {"ir_raw": 0.511, "ir_neut": 0.17, "decay_pct": 67.0}, "conv": {"ir_raw": 0.367, "ir_neut": 0.27, "decay_pct": 26.0}}, "generated_at": "2026-06-29 22:56:27.511049"}